==============================================================================
【1】候选预测方案（严格只用历史数据）
==============================================================================
共 40 种预测规格 × 11 档安全裕量 = 440 个组合；评价区间 2025-02-01 起共 334 天
（'|' 左侧为负载预测方法，右侧为光伏预测方法）

预测规格                     负载MAE     光伏MAE     净负荷MAE
ma:1                     650.0     185.3      744.2
ma:2                     873.7     162.1      922.8
ma:3                     945.1     154.5      981.5
ma:4                     973.1     151.9      997.4
ma:5                     983.1     151.5      994.4
ma:6                     909.6     151.8      920.0
ma:7                     781.2     153.4      795.0
ma:8                     753.1     155.2      767.9
ma:10                    822.3     159.8      838.1
ma:12                    866.0     164.7      879.3
ma:14                    782.7     171.5      799.0
ma:17                    806.9     181.6      824.9
ma:21                    784.4     195.3      804.5
ma:25                    813.5     208.5      835.7
ma:30                    789.8     225.6      816.9
ewma:0.05                804.0     236.1      833.7
ewma:0.1                 816.8     180.5      833.7
ewma:0.15                829.0     162.4      843.4
ewma:0.2                 838.2     154.8      852.5
ewma:0.3                 845.0     150.3      862.5
ewma:0.4                 835.6     150.9      859.4
ewma:0.5                 812.6     153.9      844.7
ewma:0.6                 780.4     158.3      821.4
ewma:0.7                 742.9     163.7      794.0
ewma:0.8                 703.8     169.9      767.1
ewma:0.9                 667.2     177.1      747.1
wday:7                   176.8     214.7      327.8
wday:14                  210.7     265.8      400.2
wday:7|ma:1              176.8     185.3      303.8
wday:7|ma:3              176.8     154.5      276.7
ma:1|ma:3                650.0     154.5      726.3
ma:1|wday:7              650.0     214.7      761.7
ma:7|ma:1                781.2     185.3      799.1
ma:7|ma:3                781.2     154.5      795.9
ma:7|wday:7              781.2     214.7      811.8
ewma:0.9|ma:1            667.2     185.3      752.0
ewma:0.9|ma:3            667.2     154.5      734.6
ewma:0.9|wday:7          667.2     214.7      768.6
att1:0                   790.3     436.3      884.6
perfect                    0.0       0.0        0.0
==============================================================================
【2】阶段一：代理指标快筛
==============================================================================
（日均费用，元/天；代理指标不含储能套利，仅用于排序）
  排名 预测规格                    裕量kW        计划购电费        紧急购电费           合计
   1 wday:7|ma:3              300       53,512        4,566       58,079
   2 wday:7|ma:3              400       55,021        3,305       58,326
   3 wday:7|ma:3              200       52,017        6,366       58,383
   4 wday:7|ma:3              150       51,274        7,562       58,836
   5 wday:7|ma:3              500       56,542        2,384       58,927
   6 wday:7|ma:1              300       53,620        5,617       59,237
   7 wday:7|ma:1              400       55,132        4,232       59,365
   8 wday:7|ma:3              100       50,534        9,013       59,548
   9 wday:7|ma:1              200       52,121        7,506       59,626
  10 wday:7|ma:1              500       56,658        3,186       59,844
  11 wday:7|ma:1              150       51,376        8,733       60,109
  12 wday:7                   400       55,051        5,207       60,258
  13 wday:7                   300       53,539        6,732       60,271
  14 wday:7|ma:3               50       49,797       10,772       60,569
  15 wday:7                   500       56,575        4,023       60,598

最优规格「wday:7|ma:3」的安全裕量敏感性（日均，元/天）：
   裕量kW        计划购电费        紧急购电费           合计        较最优
      0       49,063       12,865       61,928     +3,849
     50       49,797       10,772       60,569     +2,490
    100       50,534        9,013       59,548     +1,469
    150       51,274        7,562       58,836       +757
    200       52,017        6,366       58,383       +304
    300       53,512        4,566       58,079         +0  ←最优
    400       55,021        3,305       58,326       +247
    500       56,542        2,384       58,927       +848
    700       59,625        1,218       60,843     +2,764
   1000       64,349          428       64,777     +6,698
   1500       72,477           67       72,544    +14,465
==============================================================================
【3】阶段二：前 3 名跑完整 365 天 LP（真实费用）
==============================================================================
预测规格                    裕量kW          计划购电量          计划购电费         紧急购电量          紧急购电费           总购电费
wday:7|ma:3              300     22,407,183     13,751,282       362,550      1,394,957     15,146,239
wday:7|ma:3              400     23,158,851     14,267,251       264,530      1,011,635     15,278,886
wday:7|ma:3              200     21,657,293     13,240,041       504,080      1,947,673     15,187,714
==============================================================================
【4】最优参数
==============================================================================
预测规格 = wday:7|ma:3，安全裕量 = 300 kW
计划购电量 = 22,407,182.8 kWh；计划购电费 = 13,751,282.0 元
紧急购电量 = 362,549.7 kWh（占计划购电量 1.62%）；紧急购电费 = 1,394,956.8 元
总购电费 = 15,146,238.8 元（紧急购电占 9.2%）；出现紧急购电 330/334 天

复现命令：python q2.py 'wday:7|ma:3' 300